%YAML:1.0
---
K: !!opencv-matrix
   rows: 3
   cols: 3
   dt: d
   data: [ 1.1346261748072515e+04, 0., 1.0339717198870719e+03, 0.,
       1.5021778302207884e+04, 1.6036552876277740e+03, 0., 0., 1. ]
D: !!opencv-matrix
   rows: 1
   cols: 5
   dt: d
   data: [ -8.1042009635524987e+00, 4.2813096499840093e+01,
       -2.1968809988979554e-01, 2.8256292119990623e-01,
       -4.1968396575432351e+01 ]
